
67 54 78
-98 56 08 89 67
45 67 98
12 12 13 14 15
-90 67 -45 789
67 54 78
-98 56 08 89 67
45 67 98
12 12 13 14 15
-90 67 -45 789
67 54 78
-98 56 08 89 67
45 67 98
12 12 13 14 15
-90 67 -45 789
67 54 78
-98 56 08 89 67
45 67 98
12 12 13 14 15
-90 67 -45 789
67 54 78
-98 56 08 89 67
45 67 98
12 12 13 14 15
-90 67 -45 789
67 54 78
-98 56 08 89 67
45 67 98
12 12 13 14 15
-90 67 -45 789
67 54 78
-98 56 08 89 67
45 67 98
12 12 13 14 15
-90 67 -45 789
67 54 78
-98 56 08 89 67
45 67 98
12 12 13 14 15
-90 67 -45 789
67 54 78
-98 56 08 89 67
45 67 98
12 12 13 14 15
-90 67 -45 789
67 54 78
-98 56 08 89 67
45 67 98
12 12 13 14 15
-90 67 -45 789
67 54 78
-98 56 08 89 67
45 67 98
12 12 13 14 15
-90 67 -45 789
67 54 78
-98 56 08 89 67
45 67 98
12 12 13 14 15
-90 67 -45 789
67 54 78
-98 56 08 89 67
45 67 98
12 12 13 14 15
-90 67 -45 789
67 54 78
-98 56 08 89 67
45 67 98
12 12 13 14 15
-90 67 -45 789
67 54 78
-98 56 08 89 67
45 67 98
12 12 13 14 15
-90 67 -45 789
67 54 78
-98 56 08 89 67
45 67 98
12 12 13 14 15
-90 67 -45 789
67 54 78
-98 56 08 89 67
45 67 98
12 12 13 14 15
-90 67 -45 789